1473030470 0 1
1473796141 1 1
1473797125 2 1
1473797599 2 2
1473799680 3 2
1474403232 4 2
1474405461 5 2
1474405917 6 2
1475006668 7 2
1475007731 8 2
1475008754 9 2
1475009443 10 2
1475009882 11 2
1475610191 12 2
1475610829 13 2
1475611197 14 2
1475611573 15 2
1475612008 16 2
1475612810 17 2
1475613538 18 2
1476201769 19 2
1476201840 20 2
1476202118 21 2
1476203705 22 2
1476203810 23 2
1476204144 24 2
1476204179 25 2
1476204778 26 2
1476205167 27 2
1476205614 28 2
1476205829 29 2
1476206274 30 2
1476206770 31 2
1476207346 32 2
1476218319 33 2
1476220022 34 2
1476220134 35 2
1476220197 36 2
1476383165 37 2
1476388955 38 2
1476389938 39 2
