1473030470 64
1473796141 842
1473797599 1237
1473799680 1555
1474403232 2009
1474405461 2153
1474405917 2201
1475006668 2202
1475007731 2204
1475008754 2206
1475009443 2227
1475009882 2229
1475610191 2444
1475610829 2451
1475611197 2453
1475611573 2453
1475612008 2456
1475612810 2687
1475613538 2731
1476201769 2735
1476201840 2736
1476202118 2738
1476203705 2752
1476203810 2750
1476204144 3000
1476204179 3011
1476204778 3015
1476205167 3018
1476205614 3021
1476205829 3021
1476206274 3026
1476206770 3035
1476207346 3036
1476218319 7413
1476220022 7484
1476220134 7505
1476220197 7505
1476383165 7741
1476388955 7753
1476389938 7772
