1473030470 0 64
1473796141 816 64
1473797125 1211 64
1473797599 1211 64
1473799680 1529 64
1474403232 1984 64
1474405461 2128 64
1474405917 2176 64
1475006668 2177 64
1475007731 2209 64
1475008754 2213 64
1475009443 2236 64
1475009882 2246 64
1475610191 2461 64
1475610829 2479 64
1475611197 2490 64
1475611573 2510 64
1475612008 2513 64
1475612810 2745 64
1475613538 2790 64
1476201769 2796 64
1476201840 2797 64
1476202118 2801 64
1476203705 2833 64
1476203810 2833 64
1476204144 3085 64
1476204179 3097 64
1476204778 3103 64
1476205167 3109 64
1476205614 3114 64
1476205829 3122 64
1476206274 3135 64
1476206770 3153 64
1476207346 3164 64
1476218319 7541 64
1476220022 7646 64
1476220134 7667 64
1476220197 7681 64
1476383165 7918 64
1476388955 7940 64
1476389938 7965 64
